128 128
102 102 179 36 25 81 172 215 79 35 18 154 109 114 231 35 105 130 46 247 95 62 30 220 249 87 155 193 206 10 110 236 175 180 68 120 122 22 35 166 199 155 132 142 161 138 244 172 131 127 13 181 172 206 50 232 57 3 179 225 165 44 240 205 250 17 186 192 156 224 216 45 60 162 8 236 192 122 190 9 52 224 13 74 137 115 161 248 130 4 103 42 249 106 23 230 72 186 147 165 79 104 222 162 64 20 128 124 205 239 80 38 198 68 59 15 243 79 212 107 18 240 62 98 3 47 250 172 
203 200 216 5 219 40 164 84 137 37 250 252 5 126 84 222 240 148 132 184 215 195 183 68 73 99 101 235 8 130 208 112 27 160 126 169 170 41 196 188 45 200 121 192 243 252 147 50 113 215 126 77 110 169 25 93 113 93 201 62 97 123 40 115 179 36 130 53 1 78 192 63 220 56 30 246 153 182 178 248 243 37 146 196 26 252 44 247 143 227 204 5 207 41 144 253 249 63 30 47 241 216 39 209 78 28 133 28 153 180 187 99 207 53 182 40 234 201 222 205 42 49 242 160 85 210 35 28 
157 132 217 129 123 79 192 72 85 79 94 232 16 244 216 234 163 35 82 187 178 5 204 169 209 55 105 86 54 19 41 212 155 209 248 9 1 187 206 128 123 219 143 70 151 228 83 101 178 53 109 73 231 56 240 20 253 172 145 116 29 145 42 179 216 115 216 46 68 192 131 249 27 15 114 24 119 7 0 158 193 245 245 207 156 160 123 29 135 122 51 105 90 165 159 180 33 223 164 22 61 145 111 5 156 55 27 72 143 248 237 111 120 116 211 53 186 125 148 99 132 217 231 176 92 19 100 139 
241 225 15 224 232 202 152 21 101 242 100 86 44 186 47 214 144 63 0 252 39 74 60 34 128 50 136 108 124 13 107 94 207 161 207 45 189 57 167 39 244 218 10 170 241 220 245 49 134 190 244 33 56 11 194 184 190 49 131 150 59 160 142 99 185 221 52 78 127 61 105 20 233 18 62 9 128 188 216 228 136 227 28 137 194 84 32 21 242 132 132 184 31 144 190 50 65 26 99 121 86 148 102 243 50 176 84 181 200 193 31 193 63 130 185 214 43 100 81 50 105 98 201 208 190 208 247 185 
30 250 63 7 34 181 20 136 108 31 204 220 166 110 207 213 199 13 26 248 166 160 92 192 158 92 63 232 89 130 36 226 63 195 234 230 208 111 162 106 227 58 135 43 17 178 132 69 176 57 84 181 1 120 110 162 84 55 222 175 30 182 57 241 167 243 62 166 85 174 130 16 193 202 50 42 240 14 36 11 251 1 83 194 225 55 223 54 145 160 197 115 144 132 228 149 90 117 247 40 64 23 91 8 81 36 111 210 3 59 155 21 254 198 79 178 59 199 64 107 240 2 218 134 3 241 221 232 
19 105 35 90 32 182 185 29 13 229 153 31 197 78 98 37 45 114 203 176 124 251 184 32 166 203 184 95 234 142 60 103 207 116 116 73 220 2 16 89 141 1 52 157 99 164 73 73 57 206 93 39 179 168 104 89 16 15 8 142 68 124 118 225 167 125 145 169 179 85 27 160 125 177 145 65 100 91 144 14 90 169 109 130 246 195 154 209 15 226 137 41 185 80 126 52 205 55 44 73 53 126 175 61 191 4 109 37 7 129 19 158 43 253 135 216 44 148 235 73 219 12 82 246 188 12 62 40 
75 64 61 1 60 245 29 106 229 54 164 242 11 175 147 103 58 249 112 51 188 96 184 239 159 108 214 203 249 48 186 203 160 19 127 183 196 54 14 162 207 245 212 138 90 126 8 120 205 174 56 219 178 22 84 62 189 216 14 176 125 40 28 90 110 62 146 246 32 51 2 93 25 176 133 150 150 22 9 220 122 198 157 108 155 49 101 27 206 122 170 13 9 43 163 201 148 20 94 163 238 138 223 119 9 188 234 212 150 211 26 91 161 60 166 168 6 144 65 92 125 59 91 153 121 175 163 141 
170 81 130 138 42 192 86 87 35 197 54 167 192 201 169 241 218 57 38 133 245 47 39 124 36 216 75 116 93 45 154 20 93 184 23 227 98 16 89 247 61 63 151 69 123 79 230 190 60 203 124 196 1 76 136 128 158 110 113 167 234 102 63 48 197 41 36 98 26 197 67 27 131 115 138 48 96 39 146 160 220 67 4 82 221 190 188 80 111 119 215 135 28 220 116 112 192 242 29 26 65 46 98 73 239 43 246 56 110 184 0 40 60 68 205 106 190 166 42 91 129 186 32 78 184 57 221 212 
242 52 213 34 40 16 166 171 238 59 63 136 50 192 217 195 231 169 66 229 252 242 29 72 249 172 111 171 152 108 167 35 162 249 188 144 221 189 205 225 118 180 120 123 35 59 219 165 94 201 0 213 216 112 93 75 194 223 246 94 2 183 239 170 164 192 185 228 207 97 15 125 0 221 170 152 145 25 223 34 247 85 204 143 33 137 116 35 83 239 161 148 154 1 1 161 6 254 29 131 224 63 122 90 60 88 155 152 182 226 169 235 134 128 53 244 196 151 75 70 10 201 222 99 2 73 154 72 
227 29 103 42 88 249 129 61 190 191 17 201 93 182 148 7 172 222 110 203 167 190 178 205 40 113 138 49 42 102 38 233 0 131 139 180 114 218 171 78 166 195 86 132 151 30 28 214 4 15 144 22 175 71 204 144 79 153 1 211 168 75 109 245 253 60 24 105 189 122 126 251 52 165 114 142 52 72 93 116 58 12 221 161 81 111 174 229 2 188 9 192 76 185 182 224 136 158 16 131 131 102 206 183 246 126 20 82 70 16 162 119 123 119 109 134 77 182 95 50 41 150 110 128 29 47 254 172 
105 112 160 220 156 63 215 175 50 79 101 250 100 132 103 105 254 72 124 166 165 34 114 17 178 185 210 89 136 171 119 24 173 47 219 203 200 109 61 77 40 228 109 45 73 203 191 170 152 9 29 171 59 232 98 50 251 114 218 57 30 156 170 167 89 116 251 14 200 101 80 17 26 22 180 157 234 30 26 55 15 101 211 90 221 74 175 25 102 30 161 182 246 1 79 248 47 65 131 159 243 146 111 0 117 210 66 203 150 50 226 204 194 74 137 95 96 94 67 136 85 11 29 207 127 253 65 77 
168 229 121 2 127 182 52 234 98 253 178 198 206 73 227 155 57 174 208 215 195 61 253 252 195 165 35 89 114 219 198 178 123 242 251 125 101 13 127 242 125 235 128 171 75 44 124 69 228 194 36 198 178 248 138 64 138 214 36 210 144 99 130 226 109 233 68 241 46 17 125 138 187 173 134 58 171 122 65 31 54 167 139 10 55 222 1 70 109 85 28 120 85 73 9 235 132 28 26 94 243 104 108 77 167 176 77 215 207 43 102 21 47 70 164 0 124 53 252 133 190 131 190 105 30 239 218 151 
75 95 54 140 250 160 135 236 227 194 181 113 147 64 192 53 247 238 154 89 74 1 245 3 6 198 112 114 155 129 246 75 237 117 212 217 50 17 66 109 224 186 223 93 159 114 196 121 248 126 37 44 29 217 83 232 187 130 146 75 25 126 161 9 207 210 29 59 102 91 39 214 180 116 191 119 161 125 177 174 67 111 31 215 240 214 8 96 58 29 51 122 76 209 51 208 57 248 247 52 23 151 6 168 71 203 174 173 6 74 12 181 154 212 142 4 236 31 199 132 224 36 54 137 119 77 3 189 
205 153 31 164 129 16 213 178 133 71 38 192 185 57 6 132 214 241 27 188 27 20 115 65 16 2 26 127 33 0 105 122 52 200 205 240 25 180 143 47 87 180 217 154 139 50 22 192 6 48 90 188 19 207 71 215 157 200 123 53 187 83 71 32 48 143 92 128 105 80 75 26 40 115 75 38 178 174 24 163 131 143 222 95 163 96 223 106 194 28 31 236 136 251 243 99 43 136 60 197 90 157 103 50 191 56 141 107 59 64 133 140 204 224 130 62 127 7 214 74 80 142 176 184 174 75 126 7 
132 191 244 177 114 75 26 181 66 208 144 67 21 53 44 161 120 212 31 247 248 23 242 246 69 5 203 136 112 209 239 165 207 195 83 208 63 131 23 129 174 228 210 138 97 243 53 102 117 41 114 246 58 100 250 47 140 248 223 108 66 3 20 238 173 185 95 177 78 87 248 216 65 30 219 140 186 67 245 202 22 69 241 81 242 71 116 50 175 52 254 244 207 140 79 20 63 93 124 11 114 46 77 34 228 29 207 14 172 153 104 70 154 1 194 75 163 119 205 243 213 237 189 111 8 124 80 12 
129 53 195 211 131 170 97 77 202 197 225 226 9 68 136 195 34 7 89 75 69 163 23 170 227 102 93 92 127 96 204 222 166 42 247 37 167 64 205 164 12 198 193 196 144 210 130 241 236 95 228 225 208 45 106 190 169 60 9 238 187 130 13 75 214 159 166 56 245 106 176 53 46 216 197 233 58 162 81 23 180 68 148 5 100 22 20 136 58 151 114 68 152 123 66 160 38 223 192 250 42 237 221 230 161 232 135 99 38 232 104 57 50 213 233 250 1 100 102 184 220 181 35 15 31 173 74 150 
199 74 189 175 242 105 140 145 121 105 252 75 75 21 37 182 99 166 4 151 205 20 101 34 70 195 199 213 147 157 210 68 191 238 12 235 62 19 133 129 122 95 177 88 218 186 136 190 151 13 50 155 237 187 70 1 156 237 186 239 142 70 176 120 131 85 213 135 173 106 154 42 238 99 215 108 50 221 119 32 98 181 207 94 87 42 229 80 113 107 57 211 114 28 128 79 80 130 190 213 67 134 246 215 20 54 199 213 115 18 24 144 95 153 177 167 106 251 201 147 68 163 253 129 63 216 127 90 
20 199 19 240 224 23 173 11 102 214 231 199 206 35 3 176 7 152 205 215 252 51 138 150 100 175 247 46 46 245 131 217 213 125 207 115 1 159 70 251 177 83 40 35 189 16 204 48 156 114 132 69 11 78 108 228 49 253 130 206 87 48 48 132 189 89 81 34 100 78 39 7 31 173 231 153 181 37 187 52 218 166 249 251 185 95 251 202 143 85 134 26 129 253 200 224 74 238 22 166 97 67 188 72 33 71 204 208 86 135 70 191 254 9 65 99 220 64 193 104 186 97 1 204 49 41 206 203 
197 140 104 170 31 108 34 109 139 253 241 74 0 175 129 84 69 253 238 57 7 189 11 90 233 177 25 191 206 105 225 112 34 126 11 52 75 115 70 98 181 243 117 248 80 221 183 244 97 252 167 173 149 84 188 205 115 100 40 33 173 87 204 215 45 208 50 1 243 14 188 44 0 101 76 212 71 125 40 189 43 183 94 19 114 240 34 226 35 59 220 237 94 24 40 211 124 105 214 166 99 128 221 179 134 147 224 94 111 14 75 192 2 48 162 41 9 13 94 202 55 142 65 19 19 245 248 188 
97 40 120 217 90 32 102 14 108 48 164 28 103 57 177 202 123 181 248 170 201 202 154 234 7 114 253 103 231 0 148 70 134 240 130 138 140 240 217 187 174 176 122 212 88 1 21 144 249 235 143 200 111 34 138 3 116 94 164 179 189 99 16 3 57 107 7 86 74 40 241 215 196 64 54 118 10 100 189 220 163 219 42 80 230 126 17 142 117 100 248 73 126 199 139 157 172 219 38 156 124 161 182 52 47 132 76 83 232 228 58 200 52 50 250 46 220 22 16 145 35 21 213 173 87 42 44 113 
198 48 103 191 54 58 235 99 220 2 117 205 203 123 248 35 31 34 102 205 5 2 121 160 147 153 32 169 123 138 243 80 229 204 110 247 9 150 119 250 86 32 221 43 55 160 103 207 46 73 105 130 228 248 128 85 215 104 145 66 109 100 217 111 237 17 81 220 47 44 158 88 133 61 79 195 219 11 135 37 251 173 89 230 72 112 142 16 185 137 177 0 94 183 72 75 54 114 225 38 220 53 35 118 178 219 216 12 145 220 212 7 194 2 194 31 15 4 46 184 23 18 103 253 215 200 208 220 
196 162 247 127 220 57 30 102 41 184 135 204 156 168 84 62 56 62 23 56 35 39 58 213 34 21 145 109 230 99 132 213 93 145 37 158 90 97 244 53 118 215 188 32 151 166 177 230 95 115 250 38 8 194 165 39 151 148 4 190 135 43 230 236 51 55 152 135 72 69 60 173 41 191 211 226 130 89 185 74 134 55 244 174 98 85 90 253 16 151 137 241 149 199 159 204 183 23 174 85 101 229 125 10 117 120 75 222 224 180 2 32 96 17 176 230 93 190 71 56 173 231 211 117 206 29 15 99 
113 97 4 46 178 101 190 129 48 75 53 14 187 138 228 83 146 13 196 245 89 132 139 166 180 166 133 147 187 246 112 132 201 59 75 38 216 22 156 68 191 140 56 131 136 129 45 252 8 123 117 214 127 212 172 206 223 234 47 142 25 40 201 9 123 193 192 32 206 9 179 149 41 27 169 238 232 82 91 219 41 128 179 151 148 226 236 92 151 9 126 129 9 172 165 185 236 179 199 112 252 143 118 47 2 81 50 94 71 233 142 186 141 254 82 253 38 95 219 214 53 237 94 199 196 117 88 62 
70 218 174 180 24 40 149 125 33 103 91 85 82 156 62 156 183 6 95 125 135 61 38 169 52 8 130 174 183 144 58 61 113 205 145 19 143 17 134 63 177 81 139 84 159 165 94 160 224 227 87 8 225 254 72 195 187 168 44 116 242 202 245 201 180 122 151 7 81 47 212 115 248 161 218 86 240 133 71 251 53 30 16 147 248 88 105 218 226 181 29 150 91 248 129 99 179 2 72 236 126 71 237 153 208 111 189 64 214 64 60 115 117 219 148 107 237 105 216 86 222 63 120 245 205 20 76 9 
34 135 127 133 226 189 166 174 11 7 51 90 233 240 141 226 13 22 149 73 193 104 39 107 224 229 193 18 254 177 69 19 74 64 57 166 39 187 207 21 209 192 158 22 70 49 104 80 243 21 102 218 86 170 115 103 137 165 196 102 175 72 167 218 242 193 212 159 119 236 36 13 81 45 90 220 179 68 134 58 122 199 15 162 12 228 27 180 81 245 106 167 201 51 197 42 147 146 220 217 14 112 233 27 72 104 141 187 107 97 241 37 94 80 99 106 97 65 177 231 97 198 198 13 121 8 98 119 
99 198 42 174 107 48 216 22 94 130 228 215 184 238 123 223 139 87 32 30 252 215 184 29 193 32 30 201 129 254 135 42 194 210 128 51 153 144 23 113 115 179 64 77 181 15 135 73 222 21 227 250 166 226 119 173 175 14 27 22 60 181 58 135 251 97 132 111 168 235 85 92 223 55 142 198 79 104 175 36 44 155 112 236 20 151 80 198 77 109 221 143 181 78 75 166 140 27 88 19 149 60 59 76 6 40 228 63 54 165 19 50 216 229 248 176 186 115 92 21 219 121 161 59 165 200 36 110 
214 63 123 126 15 230 113 223 61 99 156 148 36 4 191 67 38 251 181 236 80 105 220 21 6 176 24 179 192 50 195 47 40 133 65 186 135 248 246 162 53 202 114 148 197 216 22 164 253 9 179 5 91 1 58 240 227 84 199 230 35 201 217 93 241 163 211 73 0 151 146 229 116 181 207 102 65 88 118 151 217 231 60 134 19 249 94 52 64 200 195 180 67 118 156 159 205 88 98 45 217 242 185 196 130 180 219 210 130 67 117 205 148 72 228 25 238 131 231 81 101 38 200 175 37 35 90 178 
113 188 223 234 21 28 141 254 113 147 233 24 203 252 156 181 122 12 246 181 62 47 102 81 209 155 191 44 58 44 104 135 97 30 249 225 236 132 202 191 237 72 50 195 188 138 118 132 7 125 159 113 225 247 0 16 108 152 195 112 43 148 87 91 214 189 181 231 185 51 155 118 160 179 148 32 16 164 227 192 100 76 136 223 2 240 251 191 43 235 128 137 60 44 248 236 251 208 53 54 16 130 167 108 208 43 161 66 234 12 98 64 24 69 139 45 235 41 79 192 83 177 205 210 243 91 243 181 
164 156 88 151 244 174 217 48 78 94 101 156 52 121 154 138 198 168 0 20 42 136 86 2 158 213 196 207 185 21 16 14 31 46 144 9 125 9 83 195 46 152 19 100 160 188 222 218 125 91 29 116 51 34 203 45 152 202 214 17 209 11 88 140 80 136 64 208 244 30 37 129 149 85 165 214 104 40 147 80 33 22 199 11 235 106 90 84 253 55 147 152 146 5 249 225 181 46 5 188 199 243 177 159 1 250 89 252 183 204 210 150 48 147 58 193 114 191 191 69 31 177 252 53 223 4 36 56 
15 42 56 125 188 31 78 205 173 208 213 167 236 3 236 99 104 103 237 212 241 96 31 187 90 226 121 111 183 6 6 14 23 202 180 177 165 30 195 153 97 40 48 113 146 224 99 84 27 56 37 31 46 50 60 199 0 164 144 82 83 105 79 68 213 75 45 182 197 144 4 196 224 169 183 13 128 205 176 121 165 241 29 112 30 70 27 220 198 207 248 175 108 246 107 227 130 236 129 131 18 243 158 117 172 173 252 238 78 139 23 207 99 9 248 235 52 59 250 183 119 166 113 47 58 74 198 209 
206 176 6 70 220 14 147 235 14 229 13 163 103 157 47 11 224 22 90 196 112 174 231 42 24 71 113 113 176 24 154 212 117 172 185 96 59 124 26 95 40 49 189 165 102 47 86 232 236 86 70 133 220 103 158 118 170 206 193 116 245 47 33 9 23 224 140 210 182 207 49 191 57 64 139 163 204 68 175 29 12 183 81 93 19 16 65 22 85 188 248 159 77 196 92 15 36 16 226 93 97 113 164 120 236 77 191 162 210 80 203 36 141 115 145 233 27 35 157 102 221 50 84 37 230 160 161 13 
24 151 4 231 64 94 165 247 124 108 190 69 96 221 12 244 74 18 187 233 1 167 47 14 16 30 54 106 183 68 243 87 179 69 48 75 212 89 217 178 18 219 10 94 213 32 121 253 130 156 130 177 35 107 49 65 196 150 55 16 92 238 174 30 199 81 149 232 221 30 193 31 233 63 228 33 245 75 224 180 4 119 171 56 165 0 161 46 109 241 185 42 52 218 113 24 56 189 41 137 79 19 246 249 108 37 23 252 165 235 101 79 232 4 236 245 153 141 244 31 9 227 224 94 57 123 36 131 
6 252 140 175 66 227 18 20 231 77 215 74 238 221 131 63 30 225 206 196 130 128 44 42 127 174 195 83 68 111 180 122 241 213 82 119 184 132 1 152 188 173 225 115 65 130 237 36 104 241 149 193 14 0 116 127 112 221 241 74 193 186 38 217 177 41 62 11 22 70 34 218 109 105 203 4 128 111 155 46 108 239 184 141 163 50 86 224 137 23 121 160 127 20 212 216 22 85 102 137 177 196 238 42 222 78 126 1 228 227 76 8 220 44 148 246 85 83 122 40 194 105 38 245 219 230 0 189 
245 143 54 82 187 232 138 187 193 57 89 50 192 131 221 78 76 126 47 240 99 145 177 56 60 111 30 150 0 100 0 89 209 167 138 217 30 179 8 77 54 72 230 232 180 25 168 159 73 144 149 109 56 194 49 224 50 243 68 193 35 150 156 12 127 175 209 78 133 202 17 133 173 253 174 1 60 235 44 39 107 57 241 127 77 136 135 114 172 3 78 195 77 5 45 101 61 182 236 203 232 15 8 240 168 20 67 162 208 4 50 43 15 207 251 36 97 159 27 123 79 100 15 91 161 23 109 203 
246 40 16 240 34 175 74 138 226 102 4 22 122 59 65 83 161 16 190 232 58 195 141 104 33 116 200 24 164 39 80 210 32 87 6 128 43 29 68 247 21 8 124 162 117 80 130 97 231 221 194 135 82 178 240 56 149 244 71 140 179 214 192 154 59 119 196 219 178 95 219 203 51 237 56 133 106 150 26 216 193 16 49 141 214 90 106 25 226 27 237 87 167 120 39 3 213 250 213 134 223 164 141 184 13 10 6 46 238 49 221 235 107 148 204 235 193 228 129 218 26 67 39 168 163 107 228 208 
127 28 60 19 76 37 118 196 141 214 11 1 42 226 96 94 202 52 86 214 175 235 63 127 214 240 68 195 236 250 187 45 99 5 223 208 79 219 238 190 69 56 161 147 245 171 224 84 82 52 148 144 215 59 3 77 130 5 190 124 7 187 51 58 251 19 131 238 101 38 119 169 26 147 74 184 33 131 164 231 248 68 157 35 175 203 1 203 12 111 210 27 19 171 184 33 51 242 217 160 28 113 170 88 170 14 235 103 214 95 101 53 44 191 197 10 101 133 156 8 52 17 177 230 224 22 62 155 
131 91 242 119 53 6 116 63 179 20 217 193 217 143 148 152 56 142 21 164 176 22 1 64 244 164 208 11 75 183 190 212 55 236 209 75 163 136 163 127 9 80 60 25 200 65 192 86 185 90 240 143 31 232 160 238 19 42 121 231 242 12 45 203 94 127 200 165 137 75 132 120 238 177 23 67 122 237 141 231 72 100 85 149 118 233 6 201 195 123 254 94 104 84 162 202 224 104 190 16 162 239 234 183 222 99 113 102 181 243 244 145 57 249 221 207 145 134 127 69 153 187 33 27 57 146 52 114 
177 199 72 25 113 190 13 230 87 164 182 171 35 239 57 168 17 146 181 70 74 85 125 49 230 157 178 15 186 167 36 225 197 51 172 245 213 222 93 8 101 243 129 227 3 208 246 141 202 144 214 25 211 105 110 77 173 213 20 228 145 165 54 38 243 22 92 81 216 247 130 170 148 162 125 22 78 223 99 126 157 94 212 158 128 236 227 92 14 136 132 240 153 58 146 116 11 205 42 57 150 73 198 183 159 83 146 23 199 140 237 236 52 129 57 214 162 197 144 75 235 203 27 182 172 146 155 95 
32 124 49 162 131 156 145 50 75 170 156 25 137 24 114 206 151 11 99 225 132 49 33 140 204 180 4 114 178 3 56 61 38 218 204 130 66 148 82 11 253 239 20 124 219 146 109 45 28 193 99 37 242 40 202 67 183 178 125 78 181 152 254 44 99 201 188 5 98 0 136 151 113 53 129 250 234 217 108 17 121 49 104 182 227 199 66 243 240 134 76 142 78 75 123 55 46 239 19 49 199 32 68 210 26 32 253 113 220 72 7 249 138 112 19 59 220 5 125 189 34 93 41 192 101 236 253 89 
163 167 65 82 16 70 46 203 71 240 153 174 122 250 11 229 113 58 115 188 67 241 57 135 99 230 153 1 156 145 82 4 127 162 119 72 218 191 227 228 62 51 97 5 45 180 116 138 34 226 228 5 236 144 239 217 18 169 84 99 83 61 138 219 13 165 182 154 244 50 27 120 181 149 95 240 218 171 213 52 86 143 132 124 91 50 68 223 160 232 107 243 228 98 153 206 221 218 14 242 209 204 195 0 200 124 178 48 197 152 180 88 55 61 81 208 145 121 166 24 218 93 170 107 199 238 22 205 
144 117 215 96 66 71 92 195 1 192 60 160 85 39 201 131 151 251 70 209 184 203 17 161 108 7 159 161 193 45 107 15 87 42 20 185 165 101 59 163 176 75 205 111 193 31 59 7 193 116 132 71 69 98 5 52 122 214 244 209 72 81 3 180 163 135 142 155 79 217 112 193 152 43 240 49 171 100 221 168 112 57 16 71 3 147 250 131 229 127 220 80 191 241 175 154 140 139 7 230 243 10 226 114 204 163 61 241 133 227 231 189 82 48 113 105 131 52 137 186 177 173 188 171 21 93 24 149 
123 153 251 93 143 139 88 7 160 128 153 167 67 155 97 65 6 245 167 242 97 218 61 79 137 139 13 163 53 236 183 183 182 107 244 205 106 111 90 140 60 76 72 11 100 66 157 51 253 3 248 31 62 54 181 250 204 169 25 45 28 219 32 144 60 247 230 34 245 32 164 107 227 156 55 160 165 53 133 117 96 209 169 205 179 242 223 101 175 243 50 107 252 145 141 99 250 131 17 83 148 94 8 141 187 114 99 136 151 0 217 62 225 100 44 57 64 56 213 103 57 232 159 201 225 71 187 67 
72 192 160 18 233 237 230 216 77 224 46 83 11 22 128 222 232 40 160 211 12 33 239 71 184 235 177 94 190 172 241 57 89 101 18 36 240 51 184 234 47 110 162 109 94 158 65 3 193 116 72 141 162 31 11 33 156 238 83 144 90 37 114 22 144 18 184 103 77 114 78 113 68 15 90 120 177 210 14 141 65 141 103 133 133 103 79 82 49 49 153 185 190 21 140 60 31 185 228 80 105 117 1 112 184 163 179 109 14 214 146 227 152 217 194 63 61 181 124 90 75 154 170 165 31 162 78 18 
11 130 38 185 247 208 233 198 150 115 163 185 151 97 12 20 158 235 15 40 214 171 237 228 219 190 155 71 15 13 19 179 14 230 224 161 119 181 25 23 40 235 63 133 83 216 157 135 226 6 85 227 65 43 65 179 67 132 179 53 174 252 80 133 51 193 120 221 14 171 55 242 212 191 199 151 57 226 222 241 215 175 28 111 90 96 189 145 21 215 5 149 67 64 40 149 58 72 59 122 148 81 122 9 178 182 200 101 117 208 159 4 123 79 226 45 139 229 134 110 169 28 155 192 196 31 3 78 
231 47 201 124 8 59 14 177 220 177 177 196 71 182 154 115 187 65 151 126 129 91 147 106 70 185 253 68 64 215 32 115 252 113 251 108 227 155 82 64 171 85 104 37 161 77 217 186 144 226 52 216 129 139 154 39 87 158 160 0 8 191 94 248 140 17 191 10 131 132 62 191 209 120 62 177 208 47 208 53 18 29 218 81 55 61 220 30 195 174 208 193 164 160 67 58 235 51 100 51 146 161 131 174 28 252 159 67 85 99 52 192 145 242 160 9 71 14 72 233 199 144 195 130 191 201 114 150 
98 38 197 76 243 6 128 143 126 15 169 219 224 155 78 25 4 113 121 91 27 137 190 206 145 172 94 154 142 149 42 13 37 154 51 78 75 241 66 222 209 51 78 205 219 51 160 82 113 102 42 33 148 178 97 85 163 211 30 124 42 57 219 103 11 129 32 27 196 108 82 200 218 178 129 204 220 135 92 232 135 98 60 145 191 92 46 216 170 202 212 109 11 197 120 154 173 124 162 128 163 173 167 0 134 173 112 68 6 126 67 18 127 128 182 9 34 52 65 215 5 231 88 235 152 4 189 41 
117 5 174 63 199 162 203 159 79 97 163 3 72 132 249 142 165 247 197 222 187 140 97 137 109 226 182 50 150 80 177 95 12 63 36 167 206 140 191 242 140 76 208 225 151 143 223 202 160 235 23 130 4 61 201 32 82 10 49 210 244 50 227 65 220 214 170 229 222 66 76 226 30 166 118 7 218 222 28 185 194 108 16 51 102 2 224 239 47 34 151 107 183 34 238 152 129 124 88 141 136 61 89 112 109 160 143 222 183 167 206 73 163 63 103 82 3 169 252 34 9 165 155 78 219 69 87 48 
237 155 144 152 92 232 70 90 129 102 89 48 36 172 112 17 11 194 70 198 3 71 180 197 114 190 2 107 28 20 13 9 0 189 158 249 65 197 136 98 45 6 172 89 145 26 146 94 229 26 235 195 182 174 64 194 149 103 201 40 133 151 168 206 136 98 184 182 223 30 153 168 227 11 106 177 180 16 9 153 194 33 2 65 16 67 52 55 68 222 85 153 138 46 151 48 166 94 33 80 153 87 45 175 201 134 47 156 127 238 141 42 235 150 213 50 150 100 226 20 243 46 188 194 153 66 74 38 
248 44 230 195 101 248 191 220 127 90 24 114 95 141 64 131 213 89 201 193 27 160 243 113 103 67 54 222 122 131 98 195 83 130 44 113 87 54 204 162 104 232 96 1 15 73 182 239 55 62 55 107 227 103 84 51 123 43 123 89 96 127 211 62 224 149 70 111 117 75 219 45 249 78 63 81 21 135 91 161 46 129 198 243 85 233 81 232 13 77 16 68 239 133 102 12 139 117 80 220 249 92 125 181 211 234 23 146 167 5 246 53 188 125 145 36 238 120 108 60 34 67 32 26 193 149 198 130 
52 21 241 23 94 244 249 16 192 123 60 140 32 91 177 74 64 134 63 171 150 198 88 118 143 138 0 218 187 116 126 239 84 95 17 98 138 193 228 78 33 25 192 161 14 0 26 14 12 61 240 71 94 247 171 4 55 128 190 226 74 135 236 164 209 125 150 24 39 214 113 68 24 91 240 17 19 11 119 82 104 152 199 12 133 75 45 114 173 156 242 148 93 163 81 131 181 89 17 211 196 242 68 254 235 160 80 213 83 0 122 165 15 37 140 251 136 64 144 130 248 102 32 45 39 55 40 231 
109 167 154 139 20 105 251 150 181 58 167 17 165 196 199 31 79 221 104 45 23 214 21 178 172 172 125 153 248 232 86 94 178 167 120 25 115 207 17 138 133 199 26 31 218 98 241 20 169 141 225 145 151 63 172 57 225 139 131 139 56 254 45 3 188 11 166 110 9 57 92 104 45 228 187 115 137 183 167 23 242 129 245 19 221 190 0 187 158 133 59 48 225 126 5 22 234 50 181 3 59 233 235 184 140 61 6 127 243 47 193 3 72 123 127 82 213 169 116 187 243 56 0 230 47 36 147 205 
172 37 97 240 38 143 16 0 241 5 70 177 191 93 71 69 141 142 76 21 123 175 125 101 237 157 163 228 83 197 29 157 81 218 25 84 182 109 92 197 32 247 103 27 188 232 73 145 139 180 207 10 212 226 189 122 117 54 74 241 126 169 174 70 249 112 222 29 120 41 199 51 62 149 198 114 152 253 59 178 139 178 66 201 33 178 132 217 246 217 193 91 182 107 78 220 213 26 187 152 13 29 237 190 74 198 252 225 123 44 159 132 174 57 142 164 72 209 172 49 205 45 5 104 65 228 213 237 
77 218 104 191 250 235 218 115 74 92 76 147 77 40 79 111 108 57 219 78 87 70 93 44 132 197 44 63 157 106 0 192 164 17 202 237 138 226 208 185 207 29 1 115 192 111 29 42 189 145 28 153 175 240 121 148 143 16 198 217 80 81 249 126 224 137 142 240 152 154 62 123 109 127 160 28 73 181 60 151 61 245 62 178 122 40 234 24 71 10 241 18 178 224 190 156 179 157 120 182 230 122 24 105 194 62 22 90 115 26 216 134 217 254 108 183 55 236 99 114 24 12 39 53 32 211 251 79 
42 204 236 155 176 245 238 40 251 147 240 153 222 179 249 0 222 33 182 70 249 41 130 19 166 135 85 148 173 189 242 76 193 230 37 145 150 126 45 129 162 184 156 223 250 125 94 33 2 37 46 158 141 6 147 124 82 175 86 68 41 169 66 169 166 192 130 110 196 65 42 185 121 198 240 132 143 184 252 173 110 33 153 27 121 23 90 216 182 73 123 179 213 66 94 217 103 155 170 165 245 139 115 183 78 88 210 206 78 238 247 8 208 248 185 252 37 78 254 204 19 134 195 133 5 234 174 176 
63 49 42 221 47 105 98 202 109 252 152 13 156 152 228 170 241 207 164 1 26 18 217 231 253 185 127 9 1 203 56 26 105 0 150 207 244 117 102 100 130 233 186 67 252 194 39 0 0 154 0 89 200 77 241 83 162 235 86 218 232 50 205 151 148 24 250 216 232 190 38 45 219 197 101 219 254 108 59 200 69 30 244 113 232 149 58 198 207 128 144 162 12 94 120 105 78 150 170 36 164 192 247 155 1 208 13 5 60 28 53 7 82 205 122 241 149 56 106 11 102 242 127 170 64 142 174 212 
25 133 95 71 245 41 71 33 222 71 100 87 190 95 99 154 165 238 92 5 127 229 206 239 81 214 47 91 88 29 97 14 47 90 234 42 94 117 23 218 112 122 170 129 119 253 49 45 144 118 90 34 63 34 252 193 178 166 236 194 127 6 93 189 237 19 191 211 182 181 101 69 133 208 202 243 159 18 76 14 54 148 164 106 20 26 92 158 66 94 112 155 116 133 130 245 141 11 201 97 132 237 172 148 71 232 48 33 97 234 190 14 197 87 145 8 139 244 66 6 151 226 190 105 168 221 14 252 
174 66 72 208 12 102 223 241 49 59 78 245 0 209 81 72 107 221 208 87 137 28 78 200 197 221 96 161 254 104 195 158 165 163 217 70 21 21 32 162 41 113 58 230 153 131 203 181 24 145 70 77 38 224 235 232 163 224 170 110 209 202 126 19 230 51 197 133 217 251 227 8 206 20 75 66 109 201 124 198 164 53 86 231 243 183 128 43 107 172 119 182 241 219 105 30 203 122 89 30 104 208 190 188 96 110 100 126 134 8 228 219 49 13 117 168 65 132 73 42 228 97 130 188 136 68 57 40 
24 7 167 61 31 5 76 108 6 29 246 119 3 31 25 201 84 248 15 97 171 200 63 128 217 159 223 222 238 36 251 227 209 6 48 190 237 11 198 103 72 191 144 87 51 162 136 101 86 100 53 173 191 181 107 165 213 144 7 6 165 83 101 153 144 179 143 14 8 232 126 232 146 233 103 127 95 56 218 53 73 122 87 187 167 202 122 68 81 7 108 24 68 168 132 83 60 108 35 148 38 7 209 157 10 58 170 126 82 117 192 194 0 62 146 152 160 45 109 133 17 104 91 179 197 115 207 77 
227 174 48 152 219 189 19 210 219 34 8 180 213 227 217 67 72 137 26 153 195 111 188 37 74 190 195 139 236 169 69 183 235 21 65 83 225 48 55 195 186 28 82 191 85 199 184 109 12 80 33 185 75 249 193 149 230 0 94 178 56 141 56 51 25 85 177 243 215 9 138 170 234 156 221 62 129 48 214 131 78 127 78 209 218 231 55 82 191 195 157 167 71 78 130 11 135 201 44 30 222 78 130 111 237 209 22 18 58 14 68 239 34 217 197 3 156 167 1 138 107 84 106 252 22 0 18 88 
127 61 220 30 206 23 84 129 219 42 175 23 28 97 42 193 244 235 149 109 56 38 91 96 183 61 114 5 95 66 102 118 233 60 161 116 107 150 43 128 113 127 118 211 208 84 28 37 32 65 224 121 103 147 80 6 114 60 140 181 193 108 218 120 61 215 126 143 162 93 164 243 52 70 162 173 125 34 2 236 76 88 250 214 144 15 179 135 253 107 103 205 27 201 233 18 118 95 71 128 26 243 73 36 31 57 12 131 38 124 252 120 57 61 40 131 169 88 40 140 148 163 80 230 185 134 36 191 
184 124 147 60 11 9 244 152 36 162 3 222 39 230 173 149 140 239 51 195 5 42 76 90 164 56 97 198 169 136 157 120 129 107 245 185 224 103 12 0 130 201 170 78 181 213 75 105 251 86 21 129 43 73 181 20 223 134 41 91 232 184 148 228 157 125 108 172 53 97 33 15 103 110 46 154 247 20 142 158 157 133 79 150 169 80 205 9 238 23 245 249 209 42 175 40 160 199 229 17 169 36 200 131 112 107 41 93 50 219 109 143 107 212 51 32 22 156 59 68 139 109 236 209 183 118 43 243 
161 104 164 95 206 54 9 105 232 22 76 67 44 40 233 178 26 95 203 160 188 51 164 141 101 253 236 217 122 8 123 14 219 148 142 117 134 235 108 78 207 17 79 65 136 174 173 185 22 125 248 34 115 90 87 65 106 146 254 138 75 148 124 167 6 252 77 81 47 187 198 107 250 81 221 29 25 100 101 88 169 178 245 216 133 216 182 161 14 122 218 218 100 53 2 248 51 231 248 15 42 145 58 9 225 26 168 0 219 27 120 55 136 79 226 99 182 42 83 148 132 223 235 239 167 94 84 120 
207 39 117 117 222 148 240 56 74 96 63 11 61 58 101 3 197 201 196 143 31 80 123 148 142 237 105 229 227 178 123 141 75 63 157 163 107 226 15 86 60 225 167 72 71 87 7 121 132 220 81 96 199 15 96 97 84 229 50 107 218 47 90 198 3 233 127 233 231 71 141 180 154 20 7 155 208 231 226 60 216 28 9 180 253 44 74 55 131 254 88 162 87 17 29 217 138 29 203 63 233 211 96 26 114 7 31 202 177 168 59 116 18 117 173 3 228 246 203 93 103 72 146 150 14 183 44 251 
155 135 242 176 212 7 203 161 174 4 157 235 69 14 41 97 135 138 217 83 190 232 226 90 77 86 141 45 15 8 113 197 8 68 190 111 95 110 241 31 236 65 148 86 56 3 146 193 242 44 94 167 71 101 115 251 127 2 0 216 190 163 87 6 144 112 140 92 18 22 45 197 146 44 23 160 247 172 102 100 32 123 78 45 172 5 129 214 109 183 38 134 104 76 33 252 144 237 176 164 126 247 166 190 28 133 38 144 97 84 130 245 123 151 195 214 59 41 89 49 164 236 175 205 232 125 225 65 
125 184 94 217 9 253 110 212 200 242 96 61 163 64 17 88 126 225 42 59 197 149 58 64 27 183 18 124 67 15 218 185 51 107 187 209 99 176 218 102 69 169 106 164 35 60 48 234 138 242 217 181 51 50 194 146 226 53 254 179 190 156 180 102 206 230 174 187 92 195 3 14 86 2 226 58 6 59 82 22 160 206 56 22 57 216 196 251 217 226 50 73 49 115 110 234 60 183 217 127 207 211 210 33 100 24 98 20 60 187 153 202 109 160 43 137 225 86 93 150 144 137 48 249 35 18 14 205 
213 207 201 179 50 104 29 164 182 40 212 180 85 101 14 221 70 144 244 125 33 186 91 209 148 135 178 116 252 39 138 186 178 247 91 223 68 38 40 203 170 32 211 38 174 139 230 185 109 73 211 170 47 76 222 75 50 164 42 54 120 90 108 71 67 210 66 203 248 161 145 106 69 90 91 163 149 248 110 132 32 69 137 115 90 116 99 177 174 1 121 237 252 246 118 40 80 160 86 53 139 89 85 86 53 39 21 150 215 80 53 187 190 147 56 61 239 128 143 46 4 160 105 254 25 91 137 243 
145 106 223 70 225 85 172 202 253 186 203 170 235 180 105 181 166 68 15 92 54 112 210 41 52 45 28 163 192 164 166 174 141 119 16 120 109 49 180 62 118 81 169 27 213 86 177 202 166 153 196 58 73 2 91 82 211 234 208 111 101 239 251 211 226 167 246 125 79 146 223 59 191 74 143 4 183 222 112 31 1 29 5 6 120 24 42 234 83 77 143 195 46 105 176 118 145 134 81 202 73 171 56 173 26 50 54 242 247 150 162 213 153 213 102 208 254 228 117 193 119 101 125 143 153 49 16 116 
146 238 20 98 11 195 199 139 63 249 171 137 131 6 161 169 245 72 112 119 35 94 87 89 9 176 161 191 9 202 186 17 105 180 27 161 48 19 191 198 189 9 131 230 205 113 92 71 179 59 71 106 58 173 202 149 44 138 24 125 120 101 195 179 7 95 108 221 117 8 43 64 119 111 211 56 163 103 246 19 115 13 120 170 209 70 76 137 249 214 51 190 216 27 19 226 67 139 59 221 43 33 95 79 160 198 143 238 138 5 84 177 21 146 215 119 109 118 40 26 65 5 239 27 136 85 88 66 
142 241 89 154 6 68 113 216 132 103 193 114 184 192 93 47 75 60 50 81 136 86 146 38 220 34 168 222 15 36 238 46 86 90 176 161 102 55 245 121 38 10 223 158 142 128 115 133 109 207 170 203 63 72 204 190 249 127 160 229 169 27 156 182 222 104 99 176 107 120 112 98 130 198 155 122 141 216 60 185 212 29 42 153 251 28 63 164 250 139 165 17 74 64 125 4 155 211 235 128 188 227 197 12 35 227 124 108 126 234 231 60 8 175 231 254 139 23 217 116 180 25 105 144 121 221 84 247 
52 164 219 34 101 177 204 87 248 246 61 135 171 175 130 241 71 88 208 112 42 198 1 16 253 238 252 52 187 107 115 169 56 156 102 26 122 12 251 23 155 218 30 149 182 71 218 18 198 92 108 206 67 187 133 53 170 185 75 200 229 175 166 112 105 142 46 105 139 157 134 245 250 225 232 201 112 98 219 16 131 72 31 227 167 98 138 104 94 97 198 212 157 20 113 170 107 203 155 43 30 32 242 38 48 201 178 183 7 53 140 159 183 32 15 77 162 243 240 68 237 26 190 132 131 202 228 103 
139 242 10 69 153 146 216 133 113 176 90 113 158 134 65 63 11 160 214 195 61 219 51 111 150 48 3 169 80 145 197 16 93 130 249 213 169 231 184 167 140 178 47 78 142 207 14 57 145 47 253 221 86 27 125 242 254 2 169 192 176 22 226 22 200 172 244 47 37 34 50 10 36 151 130 19 229 244 170 141 173 86 131 236 11 93 10 3 242 79 98 184 180 154 228 89 5 76 91 173 10 231 237 202 28 178 181 34 246 208 227 130 173 199 139 159 212 114 204 164 173 244 107 184 57 190 243 128 
178 55 2 40 92 224 151 87 53 180 83 83 39 137 206 12 54 244 245 194 15 211 73 44 86 147 226 83 71 181 38 213 16 119 29 234 253 82 237 85 97 172 21 36 8 12 182 192 32 17 216 93 67 246 171 206 66 6 195 20 155 151 12 189 165 39 226 70 223 212 135 75 82 239 137 67 227 77 9 198 227 65 76 120 113 70 166 234 152 201 91 235 201 78 58 238 27 230 216 168 14 46 45 114 6 4 46 234 102 126 138 46 80 75 205 5 148 174 135 189 199 253 147 226 169 33 218 9 
141 60 85 181 247 143 22 16 154 26 45 201 237 175 109 155 58 195 158 64 64 94 216 26 111 212 59 31 249 90 4 38 46 253 19 179 145 29 183 141 98 69 28 212 133 40 148 27 196 48 211 59 142 30 111 150 164 230 24 167 211 210 114 217 129 191 52 180 220 152 73 212 135 180 0 146 219 107 216 17 40 121 204 164 224 242 87 179 175 196 206 254 157 46 120 184 81 36 181 148 249 94 175 48 133 149 164 158 101 177 97 46 135 47 173 21 183 182 233 17 213 22 197 79 243 139 4 244 
221 102 146 9 168 102 237 29 176 89 93 136 62 114 153 251 183 248 108 62 216 60 153 70 86 241 213 169 237 195 156 208 9 127 78 44 81 119 87 104 69 26 166 239 180 92 105 216 105 22 153 249 3 241 128 119 109 200 132 126 24 250 72 175 78 79 182 248 249 163 136 157 183 139 118 225 211 133 70 203 206 249 210 241 224 191 72 111 112 7 61 103 144 24 143 154 252 167 41 62 227 42 83 22 38 131 232 177 0 77 240 33 33 12 94 254 45 110 140 118 36 219 19 90 144 128 218 195 
205 251 103 225 235 247 166 148 47 128 99 125 85 222 222 23 241 9 71 168 186 81 107 125 42 212 182 27 248 235 144 95 42 138 39 126 13 153 125 89 98 179 152 96 92 221 238 253 122 191 3 71 28 72 198 245 11 238 204 25 223 18 92 32 47 131 41 81 53 25 171 73 187 133 57 87 135 65 28 192 45 93 197 23 63 238 72 109 187 5 65 1 4 179 13 207 70 72 208 200 99 30 215 182 52 134 147 11 83 50 123 77 147 119 141 39 175 253 156 220 70 90 252 70 217 116 58 145 
168 31 94 23 216 192 40 130 155 134 98 129 73 33 229 186 60 35 239 143 148 62 219 232 165 67 99 165 181 235 64 17 10 148 211 82 236 33 39 218 211 213 39 37 223 68 152 38 226 69 27 59 172 39 2 179 133 173 94 244 213 221 252 82 112 221 139 158 219 46 102 214 18 118 100 73 155 229 238 154 248 224 147 211 233 123 239 45 217 203 108 61 49 143 34 34 206 20 43 176 70 37 196 10 254 194 143 3 95 62 244 182 249 7 146 18 181 237 156 114 198 144 93 45 87 75 231 202 
32 246 24 2 146 34 218 28 94 199 168 62 2 188 26 11 72 150 142 229 253 169 165 144 206 95 188 54 149 254 116 189 198 59 105 166 203 56 227 212 57 8 151 60 81 145 248 79 163 89 30 9 132 175 123 254 106 33 148 65 57 183 226 39 241 118 120 150 44 92 219 8 254 36 162 32 133 147 41 166 89 73 40 158 55 134 204 0 251 135 63 249 152 34 165 93 46 121 182 98 214 8 227 127 217 120 80 216 150 37 154 94 183 17 55 116 223 14 19 230 82 188 113 244 176 71 99 95 
136 234 215 198 72 147 125 176 157 246 59 157 116 12 240 28 211 3 107 134 112 27 119 201 237 41 221 97 110 143 143 196 38 159 120 179 131 205 110 237 158 161 121 157 63 252 152 75 4 127 57 26 130 187 133 117 252 196 41 192 35 34 144 11 157 29 248 219 133 217 31 116 175 210 116 83 223 203 176 49 237 238 217 98 218 193 72 194 105 180 18 177 102 81 41 232 82 78 185 239 28 163 145 211 240 123 143 170 244 7 237 242 239 23 60 184 1 75 143 93 63 222 16 253 142 140 130 101 
45 42 73 175 247 24 145 146 142 120 101 166 87 220 104 190 95 252 242 202 72 57 214 186 98 172 143 45 122 219 107 26 78 2 245 97 150 100 232 51 215 11 11 204 8 154 194 62 19 130 193 205 82 251 211 127 26 87 100 235 24 38 77 45 242 187 151 252 104 173 199 74 67 246 108 204 52 182 16 86 40 189 147 210 99 121 24 121 129 235 62 16 95 137 143 209 162 110 19 152 0 91 0 188 234 113 39 62 44 98 25 215 107 171 165 144 33 115 180 127 225 103 207 179 81 221 176 44 
197 129 241 181 13 54 214 224 157 46 96 41 245 232 45 246 83 233 31 64 116 74 235 152 212 154 177 128 39 181 46 180 35 205 90 189 242 67 103 40 217 158 170 186 181 159 37 185 203 242 249 251 166 47 170 42 95 30 253 115 97 17 229 42 205 14 42 104 191 127 236 164 31 227 13 83 119 76 207 184 253 18 162 165 29 212 54 118 18 9 16 207 252 179 153 130 13 85 246 21 180 208 174 228 89 126 68 82 122 187 235 7 185 97 69 211 248 52 7 53 5 146 105 61 141 135 20 75 
62 200 75 9 127 254 109 169 185 217 45 173 170 33 155 243 204 8 121 167 208 199 182 134 55 201 124 79 236 172 176 48 200 112 150 175 91 136 184 209 136 180 74 244 228 101 155 139 222 155 89 153 98 99 144 148 199 28 252 112 18 231 42 103 206 187 41 102 229 35 180 220 203 213 44 133 142 224 91 49 100 209 239 63 174 70 219 213 240 99 183 119 93 179 177 91 244 182 11 51 224 126 168 107 17 195 47 6 203 200 46 104 128 31 100 58 126 15 43 28 141 46 96 14 112 37 169 199 
65 38 197 9 18 234 6 193 191 238 110 204 252 56 110 148 117 141 144 160 121 152 79 0 13 13 110 57 238 14 42 98 72 203 143 62 219 82 204 13 33 122 208 160 86 127 173 232 83 182 246 63 213 35 48 251 103 47 226 156 1 80 226 161 201 138 167 221 43 124 35 90 57 107 13 123 221 243 16 76 171 63 183 116 249 37 250 170 97 221 171 86 93 49 248 14 114 61 45 94 47 183 250 62 250 2 241 11 70 93 18 176 145 88 67 67 246 184 94 90 238 79 1 155 180 203 104 49 
11 72 90 250 27 37 209 76 142 217 71 96 85 196 78 234 182 28 122 18 147 200 45 66 101 205 94 126 51 41 232 39 52 76 249 98 54 144 65 208 178 224 68 65 25 81 214 250 9 43 199 193 244 16 0 12 200 118 191 223 245 202 175 167 177 69 142 99 139 195 233 180 90 163 27 0 51 75 113 173 154 76 60 127 86 95 56 62 68 83 254 5 233 241 59 177 116 180 36 232 7 52 126 60 115 90 26 200 58 17 85 87 16 69 163 187 42 138 29 129 135 171 35 193 18 68 19 77 
4 45 170 227 145 216 48 171 53 223 18 106 15 140 79 62 139 163 28 252 62 129 48 35 111 142 56 158 123 85 210 249 204 44 134 159 38 40 29 107 33 44 163 217 3 129 41 93 145 216 100 86 57 100 140 65 253 8 1 112 89 47 132 103 89 239 215 212 145 74 237 170 198 231 1 206 29 84 73 244 0 129 84 208 83 140 132 10 186 95 136 124 46 198 110 86 211 77 226 105 68 230 181 16 25 32 69 30 254 9 41 212 158 140 28 207 9 102 88 207 209 119 231 250 252 239 184 41 
169 142 114 168 123 107 58 86 138 203 116 162 28 129 95 36 142 4 195 182 149 198 155 88 103 156 206 64 185 210 151 252 18 134 102 157 248 32 136 6 246 30 68 142 101 12 43 190 107 168 121 80 191 220 3 123 8 6 119 12 0 217 56 139 40 203 169 242 254 54 210 159 75 144 38 97 192 71 93 243 254 4 251 103 144 135 58 181 238 211 32 149 165 19 48 76 125 173 215 197 107 158 40 126 50 192 86 240 212 122 107 105 172 47 148 56 216 232 218 25 156 16 39 116 171 246 67 226 
169 170 151 76 223 30 72 38 93 136 34 240 141 168 175 175 230 17 140 245 157 151 20 133 170 11 17 229 211 178 212 74 233 225 44 65 14 87 37 87 201 83 61 66 37 140 14 196 246 228 130 167 20 77 16 156 138 24 5 205 218 157 174 96 209 94 86 76 182 125 104 195 74 92 178 81 57 16 12 190 59 185 229 234 9 218 155 76 223 66 137 1 92 3 57 131 215 234 172 125 35 17 145 235 166 44 72 111 157 15 186 138 111 126 237 110 131 48 52 128 90 161 0 35 129 120 184 210 
165 163 42 91 66 135 3 42 125 82 94 115 195 253 183 80 94 101 3 147 5 49 81 26 146 146 189 102 135 239 12 75 171 96 37 1 223 20 77 105 12 74 215 33 101 119 138 254 34 242 68 156 124 129 47 122 149 239 26 132 46 87 146 109 90 101 247 147 87 182 8 214 55 208 55 34 202 0 222 126 199 187 156 222 231 131 194 112 194 216 243 207 37 67 30 47 97 89 252 111 14 115 236 82 222 253 109 31 239 108 51 131 244 167 105 9 243 18 85 155 101 37 80 237 67 157 164 253 
59 63 211 21 234 168 61 50 142 151 118 7 48 36 224 116 112 133 143 74 65 85 61 220 105 182 80 12 250 192 96 205 58 170 70 47 59 126 146 187 184 210 211 213 98 246 101 247 30 123 108 107 203 42 133 26 151 155 7 65 90 207 42 50 251 146 39 165 146 14 101 215 206 12 129 200 61 99 180 187 151 53 15 108 121 156 206 36 174 232 30 113 162 46 31 33 153 219 176 161 10 180 144 223 217 240 155 106 133 187 65 204 160 209 151 196 32 146 161 226 245 153 79 199 67 116 53 81 
13 213 58 102 239 137 148 19 95 191 248 201 129 87 149 229 142 66 206 55 97 211 78 210 237 134 195 11 78 218 33 162 84 237 160 224 151 167 221 97 236 222 13 244 234 52 58 208 45 206 16 225 224 213 199 18 118 73 146 66 59 85 104 187 156 186 55 215 129 138 121 36 109 166 75 83 124 225 164 134 164 30 149 17 203 90 231 86 58 64 242 42 116 181 207 127 93 54 198 58 205 86 167 62 180 240 154 104 22 164 92 180 107 40 159 8 88 94 239 9 229 43 105 1 18 213 112 124 
138 42 1 213 93 5 90 202 102 141 34 104 21 105 185 177 54 228 84 213 9 177 83 164 24 27 235 21 80 147 76 86 13 45 78 227 120 171 118 152 55 138 46 177 232 21 178 25 51 45 0 133 197 170 49 81 217 202 132 114 28 68 108 173 51 145 167 194 237 81 247 182 42 40 205 7 108 94 112 90 67 232 174 96 243 87 93 51 243 54 217 28 48 77 151 171 123 12 28 60 43 100 38 67 223 169 43 227 65 159 128 10 147 208 58 181 54 95 20 247 19 249 161 233 227 125 31 139 
112 40 193 39 214 214 176 5 80 119 49 236 248 64 27 87 227 198 52 240 36 230 186 225 9 67 199 38 156 111 204 28 17 63 115 27 146 25 254 229 64 120 204 198 27 182 1 121 43 194 0 135 169 231 121 168 62 24 22 162 118 231 15 160 24 179 141 199 182 90 196 17 16 130 186 231 157 228 123 171 200 44 155 211 228 143 30 159 24 182 220 175 131 56 34 61 242 88 148 208 90 236 183 125 191 55 132 121 12 244 209 16 101 217 29 37 154 33 200 249 131 161 124 39 105 171 13 154 
125 239 108 184 245 226 79 194 146 46 209 236 78 182 68 57 65 120 189 2 246 38 1 45 144 153 174 130 33 196 15 242 135 228 174 243 16 104 215 11 49 96 79 166 125 163 43 43 165 115 175 40 250 17 252 106 154 231 85 83 174 202 176 152 8 252 111 67 179 83 112 167 79 179 210 139 34 203 31 92 173 61 189 89 74 52 124 101 168 127 15 250 178 157 159 101 182 7 241 40 250 103 247 249 186 143 58 240 91 39 233 242 2 59 178 200 228 51 9 187 129 200 107 206 31 113 167 140 
40 43 93 164 217 88 172 142 123 149 75 41 232 11 102 184 166 244 205 99 28 248 98 30 76 235 124 52 79 48 220 116 201 56 90 92 165 64 199 49 63 224 16 237 3 245 231 74 83 236 248 180 81 208 166 123 9 154 103 133 142 151 230 166 203 170 163 176 198 46 171 234 188 120 36 53 122 131 15 86 76 174 198 89 236 63 240 226 110 65 54 197 96 186 123 106 195 210 202 192 27 128 127 73 125 7 231 62 75 188 55 205 40 181 16 11 253 44 117 126 166 239 102 160 143 193 78 189 
9 190 41 170 190 205 121 162 128 130 140 151 131 29 94 137 122 244 192 73 179 105 224 45 200 187 190 70 204 116 6 201 82 68 53 74 187 66 39 113 248 169 206 229 192 131 105 87 51 181 62 8 51 80 94 109 104 10 188 165 89 248 228 92 44 1 179 179 28 208 62 206 132 209 99 38 128 99 211 227 190 186 87 202 246 194 187 116 22 242 59 208 239 193 215 36 195 100 217 162 180 24 157 225 228 154 233 250 171 79 191 245 11 251 171 133 28 220 250 156 109 237 33 201 202 73 15 98 
108 180 193 179 57 145 50 53 213 204 192 8 204 181 101 148 26 188 92 80 158 88 151 241 141 245 15 9 239 194 89 56 61 150 20 99 105 76 172 67 213 73 146 104 32 44 186 241 74 218 40 175 198 21 14 246 119 9 212 250 92 41 135 216 6 5 77 156 136 221 63 87 47 227 169 49 223 93 29 238 156 209 3 213 168 137 198 186 80 58 82 131 54 112 32 175 142 10 155 240 93 53 135 126 59 71 121 51 2 35 199 213 200 160 204 11 202 114 84 203 38 155 194 123 149 149 140 170 
207 185 196 252 190 219 51 75 106 172 59 62 188 219 234 150 145 95 209 122 57 108 128 144 198 36 48 197 59 86 245 73 57 81 14 13 152 224 16 232 197 65 168 159 51 214 28 75 23 10 105 238 241 24 169 148 228 76 189 164 156 147 28 116 106 201 157 33 180 109 245 8 150 161 220 127 123 10 190 216 79 244 174 30 113 31 37 127 10 59 242 80 81 169 132 143 248 94 157 211 125 43 156 89 17 25 151 228 65 33 205 246 36 130 70 222 5 111 77 215 224 24 134 58 62 21 144 165 
111 122 252 84 84 177 193 39 156 170 201 235 220 250 168 251 90 66 254 34 33 56 95 49 171 235 93 4 197 175 133 228 10 127 174 31 125 47 96 34 154 150 69 49 223 211 186 230 95 163 53 192 231 86 243 236 54 166 55 54 114 151 56 227 1 110 85 87 120 136 191 23 95 46 157 227 46 33 163 34 68 212 195 86 4 188 174 123 165 180 124 142 150 227 174 93 156 197 251 98 24 61 165 142 73 128 189 171 229 226 211 140 43 251 144 245 28 204 181 97 207 171 208 19 0 192 60 56 
233 171 104 49 252 64 14 14 249 123 87 179 60 235 25 211 232 66 100 131 180 250 182 58 186 202 141 30 135 206 127 152 28 91 227 196 243 93 202 164 22 76 31 211 187 198 69 131 63 84 77 140 54 199 48 47 159 126 187 141 192 208 119 0 30 239 105 134 202 56 44 25 232 109 198 37 229 149 114 232 175 97 109 11 23 248 171 217 208 205 182 18 195 82 89 27 15 240 10 194 53 224 3 39 166 7 101 215 18 18 188 146 5 98 166 153 81 220 120 254 85 83 56 131 59 28 13 228 
128 87 111 83 62 254 196 193 127 243 54 126 181 239 49 248 113 55 196 101 25 191 92 72 67 154 23 97 166 14 232 245 148 198 117 45 83 180 150 170 54 167 186 250 223 131 105 10 73 223 191 113 223 115 215 137 242 201 98 151 180 60 59 74 53 207 162 221 135 24 146 14 121 72 247 62 220 120 188 165 157 18 218 117 128 241 192 198 206 11 234 126 162 8 171 148 26 41 76 191 213 230 31 132 69 250 182 27 216 206 139 145 111 168 134 19 222 136 129 111 44 234 200 191 241 94 89 212 
159 163 113 6 11 7 200 207 204 170 213 22 12 159 33 234 121 248 179 197 93 144 14 17 168 51 13 26 20 195 123 32 104 166 122 244 86 109 185 176 41 119 146 65 25 65 96 174 61 82 221 110 87 89 206 239 230 107 120 81 13 96 119 7 243 105 86 24 45 224 79 198 240 190 74 161 16 108 187 177 136 114 120 244 81 42 123 87 75 135 103 190 138 132 16 79 234 44 84 124 201 247 191 26 135 88 120 192 204 222 180 215 64 84 124 167 79 77 196 105 186 192 21 64 24 76 176 26 
164 78 233 50 59 5 221 181 98 105 52 32 229 242 102 123 144 108 32 178 246 199 36 130 95 140 90 246 113 76 94 51 11 76 94 54 59 146 167 113 6 191 210 92 216 121 141 51 123 23 116 202 191 140 24 189 134 216 107 207 185 58 222 99 252 231 88 14 87 80 78 57 223 193 90 103 85 29 35 209 243 227 28 35 102 196 47 110 80 40 16 239 48 237 63 78 184 217 91 89 154 177 117 4 59 143 162 178 138 247 127 209 12 22 142 11 24 146 160 168 254 64 84 242 212 226 84 253 
85 56 244 123 252 125 204 6 110 109 158 136 57 240 46 248 10 88 38 187 162 18 17 235 200 84 155 185 237 167 162 184 151 82 42 165 148 35 196 210 229 104 15 244 243 96 91 197 204 200 68 64 178 54 231 62 220 43 175 210 191 77 168 50 206 15 40 191 120 101 141 200 221 143 155 37 153 251 28 69 88 99 200 122 42 95 74 43 134 238 136 227 208 61 82 146 3 96 15 210 216 133 180 191 12 24 45 235 228 125 254 73 1 155 10 38 4 94 64 80 67 114 94 251 76 31 107 214 
246 35 212 33 116 10 117 81 46 195 238 47 156 74 64 135 93 86 205 8 94 23 153 96 105 163 83 54 45 198 22 183 156 69 150 203 69 185 235 46 215 99 183 29 244 106 165 95 111 129 101 148 77 197 79 112 119 35 211 137 1 99 83 64 8 242 22 55 189 131 231 150 15 210 56 181 165 179 118 127 55 10 171 135 245 141 108 109 143 228 7 36 212 106 110 67 143 139 211 105 236 66 200 17 135 120 142 158 17 13 185 182 79 115 135 215 241 13 106 227 225 106 34 54 229 137 208 74 
133 64 149 242 79 189 164 4 209 152 194 63 104 21 32 127 63 107 11 103 6 210 65 241 101 137 81 12 99 7 95 28 208 78 218 177 172 85 143 9 45 149 236 70 83 65 183 77 185 116 15 132 110 32 80 33 74 252 177 158 186 28 121 201 147 73 36 88 113 247 219 151 26 103 205 11 123 253 119 134 141 215 158 254 3 44 176 149 187 205 36 189 83 106 136 39 4 178 91 77 120 150 109 141 225 58 165 3 111 121 152 188 139 151 163 224 209 109 33 34 94 32 217 211 41 214 9 75 
44 170 235 34 20 76 218 225 149 225 105 162 104 149 132 239 143 103 178 143 175 28 238 197 230 237 132 242 88 99 254 205 106 222 103 24 208 1 107 197 214 83 231 85 93 152 204 250 205 87 13 237 141 103 228 54 28 195 205 241 157 103 141 162 188 249 209 99 120 143 2 60 126 88 162 213 203 4 181 183 121 200 53 168 164 178 202 81 132 138 5 239 108 81 173 39 27 28 223 200 227 128 44 138 241 132 229 12 236 57 222 161 194 32 110 242 67 61 168 118 27 49 172 175 66 99 111 87 
205 33 16 2 238 224 161 188 183 60 0 23 104 187 46 154 118 123 205 238 205 227 192 135 233 148 33 201 179 188 199 227 53 66 252 147 52 197 102 205 180 105 133 229 51 23 131 121 139 34 169 94 132 98 38 251 175 17 233 1 46 210 192 10 5 90 61 45 95 78 88 221 244 111 146 203 205 25 208 44 166 141 151 251 251 238 205 177 92 109 241 134 247 124 139 134 111 134 232 248 14 230 54 230 135 36 101 244 102 0 115 126 10 114 232 141 254 90 40 163 92 195 110 75 151 228 38 170 
152 152 219 248 27 15 12 193 248 226 234 66 101 230 96 174 89 149 179 95 233 198 243 174 107 218 35 211 41 190 253 12 253 60 4 166 233 154 70 94 74 13 2 149 193 2 44 91 247 6 109 222 41 9 142 98 192 14 132 165 177 15 64 249 226 149 154 208 54 162 69 140 145 164 167 117 170 130 199 95 91 175 110 197 101 221 18 220 101 97 147 220 37 109 248 9 68 157 237 1 50 219 65 96 242 134 210 139 51 154 129 133 226 242 14 38 9 45 143 136 121 77 92 71 218 210 89 149 
157 59 229 117 227 179 99 49 48 90 236 66 202 76 246 8 154 237 83 20 119 77 164 146 212 218 236 103 184 83 241 210 157 20 35 196 130 231 117 218 209 152 48 251 40 185 144 180 40 170 233 31 62 10 82 32 10 154 154 76 118 84 184 28 129 171 139 19 123 164 227 210 147 212 245 211 181 180 240 17 117 217 84 43 22 177 247 133 170 213 100 234 220 216 70 109 195 84 232 125 85 222 200 227 20 91 120 237 73 96 108 8 17 116 3 156 29 109 41 224 199 13 13 105 108 221 116 58 
16 176 145 196 134 168 191 190 106 224 170 209 21 151 63 117 34 186 190 74 38 168 28 140 227 79 133 231 60 216 201 217 81 85 247 8 145 8 248 212 199 38 193 46 131 108 212 68 119 251 106 146 48 8 77 93 128 153 172 220 139 73 33 151 25 253 244 232 40 142 69 81 207 244 110 125 168 77 93 27 188 167 57 87 56 113 13 0 177 81 101 80 140 161 52 237 70 225 35 207 129 119 80 105 15 130 114 105 207 172 224 153 168 46 26 73 245 17 134 92 184 30 179 82 85 67 55 150 
249 167 219 9 167 111 211 144 43 126 153 204 15 232 112 79 106 200 118 25 197 114 85 111 67 82 250 199 137 242 211 8 210 155 25 193 40 233 212 46 252 241 222 14 42 18 223 254 20 242 112 210 97 103 190 214 92 89 175 43 165 245 156 229 36 125 59 60 253 162 224 138 51 108 194 117 138 36 1 200 219 173 81 169 58 250 140 24 97 116 43 101 216 49 31 79 150 244 211 64 157 138 18 20 24 108 3 140 186 192 162 107 88 12 56 80 106 163 7 99 140 62 24 84 104 218 26 218 
235 211 12 249 187 85 236 241 18 231 53 146 63 76 181 211 231 230 190 28 123 126 120 245 200 24 185 194 212 151 26 54 5 158 102 73 35 207 64 85 118 151 123 210 111 239 178 177 97 236 89 217 235 68 178 95 236 59 7 46 63 55 190 211 116 30 24 41 56 195 149 167 98 227 48 164 80 253 88 214 140 81 220 59 37 226 81 16 212 154 75 40 196 232 187 33 169 96 227 241 28 190 130 220 151 141 71 94 254 171 252 224 4 12 97 12 94 239 46 221 188 49 48 236 24 74 69 49 
225 114 193 144 206 43 94 176 155 78 8 238 139 110 81 137 231 149 116 111 16 206 111 40 192 241 59 201 22 1 81 231 168 34 102 219 150 162 48 40 84 114 140 134 189 56 114 116 123 76 97 23 11 76 135 226 227 184 79 203 243 14 74 223 192 0 100 160 7 234 148 6 77 142 187 58 65 182 248 41 199 102 229 222 102 214 60 131 155 96 3 18 74 0 175 61 151 101 99 119 160 214 190 4 10 250 187 26 198 230 169 185 88 209 54 138 138 17 152 113 234 143 84 235 127 239 229 171 
192 88 230 173 234 163 203 138 184 248 190 208 181 161 210 165 77 230 172 192 2 114 240 189 71 51 46 205 155 167 239 232 6 146 246 151 114 42 43 169 138 120 162 126 139 156 139 16 93 10 67 103 76 113 27 6 233 39 147 179 245 176 193 54 5 43 38 38 166 199 150 122 85 180 248 159 3 177 5 31 199 36 217 143 230 135 21 64 163 174 78 98 248 212 207 30 151 242 158 154 248 110 109 73 38 80 146 209 204 177 172 48 131 211 198 156 247 90 3 12 212 1 62 194 55 250 164 209 
146 18 164 223 70 1 191 218 135 238 107 222 76 145 176 31 0 195 218 120 165 217 210 78 44 224 141 51 106 174 217 142 251 239 130 189 52 128 179 143 228 29 10 146 73 177 52 217 210 144 64 233 213 246 191 186 219 183 87 152 14 36 113 205 63 195 33 42 114 52 139 39 171 98 208 107 98 104 32 147 78 248 127 107 132 20 104 185 81 228 215 104 228 125 58 80 219 114 41 243 77 238 130 135 147 151 153 251 136 65 99 79 241 76 116 79 96 86 53 82 17 185 126 76 235 231 6 192 
94 214 253 30 95 190 115 2 210 220 173 26 185 7 202 154 31 192 244 30 128 38 177 117 136 181 40 223 11 112 68 17 154 45 226 138 83 188 91 54 155 4 39 47 22 35 126 232 27 116 46 207 158 72 115 181 130 39 67 121 138 110 217 152 239 27 57 93 8 162 72 175 221 205 148 221 186 199 225 225 86 125 15 36 64 240 7 117 242 45 81 170 211 156 135 197 31 127 33 245 232 101 142 166 224 78 104 14 223 130 201 123 38 198 246 144 88 194 106 179 140 42 181 214 220 132 158 91 
33 226 6 244 252 239 216 201 212 157 125 174 149 98 95 214 202 206 24 118 141 167 37 208 170 90 30 84 83 66 201 117 118 1 105 103 245 214 140 180 200 199 100 31 103 31 118 100 88 24 74 21 176 141 79 23 37 24 24 165 232 47 242 186 27 25 87 103 233 211 149 81 7 145 85 196 28 1 222 159 174 252 21 173 214 108 166 102 55 72 141 18 101 80 250 114 77 124 196 207 214 85 56 131 82 194 136 18 95 93 203 92 29 191 93 74 0 175 188 229 3 81 98 77 74 204 32 5 
91 227 65 60 27 41 94 17 201 32 46 18 147 70 139 178 193 49 170 252 0 109 178 235 74 173 8 38 31 234 233 154 48 36 186 172 32 233 125 238 205 66 251 14 164 30 164 225 27 49 206 83 19 61 107 208 44 177 198 64 67 183 111 119 228 117 209 28 197 101 183 112 13 92 171 118 77 250 139 111 147 121 20 175 37 46 245 93 179 11 67 147 37 29 45 187 33 72 162 109 203 126 224 215 31 181 187 185 169 248 43 203 26 149 33 7 53 104 125 147 249 92 211 82 168 236 248 121 
40 82 26 87 104 9 57 250 25 217 241 134 182 101 197 70 55 69 114 154 46 201 30 100 143 70 67 225 113 23 137 149 133 174 228 52 144 33 190 205 247 118 228 164 35 217 224 246 65 201 159 178 173 157 14 199 52 104 225 214 110 11 177 252 197 228 198 37 21 236 79 71 37 47 126 7 212 161 16 138 205 163 138 225 177 31 170 53 189 6 163 98 73 241 46 25 119 119 19 52 158 3 235 12 16 210 47 176 30 86 184 55 72 232 85 194 107 55 132 193 249 169 93 116 232 195 44 141 
214 132 53 118 209 155 124 112 60 21 47 62 164 66 204 141 127 107 62 251 140 101 177 25 82 14 0 11 99 118 224 129 115 103 254 132 218 12 37 106 217 27 154 4 1 225 208 59 220 113 212 130 211 127 95 223 131 217 128 244 55 228 2 3 2 159 88 74 22 92 163 57 104 24 208 9 204 126 192 29 35 76 11 32 193 10 106 145 169 127 158 1 177 254 159 26 14 195 52 23 30 176 42 108 188 44 183 175 251 226 228 34 230 174 16 69 180 152 59 92 190 24 8 192 178 157 197 45 
136 229 109 120 201 13 87 71 126 66 148 203 235 131 178 102 117 248 182 176 117 203 113 115 185 26 98 117 171 99 87 85 145 158 101 219 183 112 104 52 232 69 125 110 161 73 35 187 233 225 247 159 56 92 157 148 86 32 110 30 182 252 115 95 147 231 217 32 185 253 142 6 100 248 252 185 168 157 162 5 43 82 241 49 186 168 88 151 59 21 25 219 48 154 7 65 181 79 205 104 120 177 111 166 192 131 206 193 235 31 155 30 120 188 155 252 11 24 57 116 249 8 123 171 134 12 111 54 
161 127 205 129 13 48 37 169 187 29 142 107 68 114 253 82 167 6 204 253 233 50 128 196 225 106 96 221 238 231 187 46 48 70 109 116 137 44 139 144 209 177 165 235 117 29 189 222 181 61 97 130 56 214 52 190 154 95 219 177 212 82 218 241 249 168 1 103 150 53 82 196 16 164 254 4 78 34 247 129 201 46 161 101 15 17 219 232 207 119 23 183 43 111 163 253 253 196 245 239 219 222 90 57 132 121 60 100 26 236 156 128 96 176 95 162 34 77 115 71 147 58 41 88 96 141 31 121 
181 55 132 176 182 43 42 191 84 242 211 199 105 46 239 103 197 107 232 242 173 25 99 43 152 34 17 153 140 97 122 116 14 219 152 53 33 77 114 239 163 182 67 186 99 26 157 93 30 112 121 99 29 99 170 205 159 6 190 19 169 246 32 169 246 174 125 72 87 164 208 38 192 244 230 40 152 117 40 71 36 99 179 250 33 247 77 157 138 48 142 137 240 121 234 162 182 103 81 174 128 234 176 72 124 59 107 111 52 55 42 88 221 242 2 253 112 174 151 103 14 22 118 122 73 201 68 142 
206 201 250 250 225 247 73 253 46 70 88 77 240 205 77 41 208 19 54 71 59 219 182 244 30 218 234 162 48 50 218 106 81 225 110 45 15 113 199 232 246 252 142 146 86 179 124 113 50 52 89 174 217 89 163 61 89 158 141 202 251 130 37 61 142 12 166 234 125 144 15 8 157 118 173 17 10 113 241 132 115 211 183 112 69 231 67 116 59 38 204 150 178 110 7 206 153 60 195 57 185 245 210 88 113 141 220 199 69 34 94 96 36 134 144 226 9 105 89 206 164 246 82 57 115 86 234 146 
189 57 181 2 119 248 208 206 22 25 94 128 202 72 102 119 47 191 252 216 34 56 48 66 229 236 34 167 121 134 193 162 163 226 153 180 226 25 218 47 15 32 107 24 2 248 53 239 202 22 67 110 162 39 84 213 1 236 142 118 69 140 130 211 162 167 104 62 96 237 217 45 55 107 39 134 118 139 121 152 143 202 22 118 130 18 225 180 181 232 43 243 88 36 253 115 222 172 70 171 116 13 16 161 46 22 126 106 55 215 65 146 233 164 104 65 46 229 46 253 157 126 128 71 65 57 70 97 
249 8 143 37 18 120 14 56 232 146 30 117 68 198 72 60 90 160 26 110 99 167 94 156 233 244 50 134 184 72 249 223 176 104 245 206 96 218 240 144 176 222 44 18 229 110 37 128 165 149 113 185 10 92 223 175 101 92 157 63 198 247 236 16 246 98 67 17 233 110 207 238 13 181 47 53 245 188 17 149 85 110 185 166 185 1 156 73 190 197 32 110 228 5 159 191 90 175 161 230 254 189 128 38 89 33 86 103 209 164 191 116 222 50 201 70 171 241 247 111 116 241 2 82 82 67 198 210 
152 252 185 109 132 163 10 104 209 215 251 28 51 89 17 190 16 241 121 185 192 33 246 38 185 54 170 118 207 229 58 111 246 166 90 238 131 54 159 31 176 231 145 82 128 234 36 9 62 242 224 109 5 49 84 0 114 185 206 175 235 152 239 44 16 191 118 208 6 141 205 126 175 175 57 109 147 3 138 222 188 44 197 251 1 98 13 202 206 159 19 10 237 55 249 62 230 191 94 115 119 159 114 201 168 183 159 243 141 251 211 99 208 141 212 239 210 144 22 6 111 131 130 98 195 37 9 239 
130 7 204 137 45 116 11 201 7 206 98 104 4 56 54 56 49 17 118 10 32 171 214 119 117 213 54 207 223 240 8 237 242 57 246 251 130 237 63 146 183 205 142 215 32 129 132 225 97 55 213 33 161 63 8 17 183 121 164 214 183 165 18 234 247 94 39 236 197 108 221 227 86 7 59 44 20 11 183 204 32 237 174 223 138 144 151 240 177 225 56 198 144 128 118 77 204 161 106 44 7 37 125 221 0 206 120 230 47 85 100 196 79 104 97 14 94 88 141 19 80 172 118 210 201 200 210 151 
117 208 35 217 189 89 10 116 91 171 182 173 90 97 222 250 240 6 31 131 126 191 110 64 190 27 254 125 32 37 213 30 247 58 3 203 10 20 194 239 182 84 118 187 166 110 123 225 32 195 118 89 75 252 182 44 109 183 204 160 22 205 178 204 200 173 171 215 95 135 23 32 45 55 188 163 65 190 105 70 1 7 88 178 152 170 200 251 97 91 3 12 55 37 121 208 249 253 2 169 226 31 115 43 251 32 100 113 102 113 201 39 174 224 19 144 189 10 254 210 193 55 7 44 215 28 233 59 
